Initial orbital elements:
a: 1.2
e: 0.5
i: 0.3
Ω: 0.2
ω: 0.1
f: 1.5

Particle's position and velocity from orbital elements:
Error code 0
x: -0.18978685215344887
y: 0.8084886605347685
z: 0.2567730736237609
vx: -2.3557964212748046
vy: 0.48481309206454765
vz: 0.2917577861767517

Orbital elements from particle's position and velocity:
Error code 0
a: 1.2000000000000002
e: 0.49999999999999994
i: 0.29999999999999977
Ω: 0.19999999999999946
ω: 0.09999999999999698
f: 1.5000000000000027
